1,783,23.28
2,358,10.65
3,263,7.82
4,180,5.35
5,131,3.9
6,138,4.1
7,99,2.94
8,89,2.65
9,77,2.29
10,53,1.58
11,43,1.28
12,34,1.01
13,41,1.22
14,37,1.1
15,31,0.92
16,34,1.01
17,43,1.28
18,31,0.92
19,31,0.92
20,22,0.65
21,20,0.59
22,24,0.71
23,40,1.19
24,34,1.01
25,19,0.56
26,19,0.56
27,23,0.68
28,23,0.68
29,17,0.51
30,19,0.56
31,16,0.48
32,13,0.39
33,20,0.59
34,18,0.54
35,24,0.71
36,16,0.48
37,15,0.45
38,6,0.18
39,8,0.24
40,10,0.3
41,11,0.33
42,14,0.42
43,12,0.36
44,18,0.54
45,15,0.45
46,18,0.54
47,10,0.3
48,12,0.36
49,13,0.39
50,10,0.3
51,10,0.3
52,10,0.3
53,14,0.42
54,8,0.24
55,5,0.15
56,11,0.33
57,8,0.24
58,6,0.18
59,9,0.27
60,8,0.24
61,6,0.18
62,9,0.27
63,11,0.33
64,4,0.12
65,10,0.3
66,1,0.03
67,3,0.09
68,9,0.27
69,5,0.15
70,6,0.18
71,4,0.12
72,4,0.12
73,4,0.12
74,5,0.15
75,7,0.21
76,8,0.24
77,8,0.24
78,4,0.12
79,2,0.06
80,4,0.12
81,4,0.12
82,4,0.12
83,5,0.15
84,3,0.09
85,5,0.15
86,4,0.12
87,3,0.09
88,2,0.06
89,4,0.12
90,3,0.09
91,3,0.09
92,3,0.09
93,1,0.03
94,1,0.03
95,4,0.12
96,3,0.09
97,6,0.18
98,1,0.03
99,1,0.03
100,1,0.03
101,2,0.06
102,3,0.09
103,2,0.06
104,2,0.06
105,3,0.09
106,1,0.03
107,4,0.12
108,3,0.09
109,2,0.06
110,3,0.09
111,2,0.06
112,1,0.03
113,4,0.12
114,4,0.12
115,1,0.03
116,1,0.03
117,1,0.03
118,1,0.03
119,1,0.03
121,1,0.03
122,2,0.06
123,2,0.06
124,2,0.06
126,1,0.03
129,1,0.03
131,1,0.03
137,1,0.03
138,1,0.03
139,2,0.06
154,1,0.03
165,1,0.03
170,1,0.03
221,1,0.03
231,1,0.03
245,1,0.03
248,1,0.03
318,1,0.03
437,1,0.03